Player: gr
Level: 1
Score: 6
Frames: 254
=== REPLAY DATA ===
100,100
100,100
100,100
100,100
100,100
100,100
100,100
100,100
100,100
100,100
100,100
100,100
100,100
100,100
101,100
104,100
107,100
110,100
113,101
116,104
119,107
122,110
125,113
128,116
131,119
134,122
137,125
140,128
143,131
146,134
149,137
152,140
155,143
158,146
161,149
164,152
167,155
170,158
173,161
177,164
180,168
183,170
186,174
189,177
192,180
195,183
198,186
201,189
204,192
207,195
210,198
213,201
216,204
219,207
222,210
225,213
229,216
232,220
235,223
238,226
241,229
244,232
247,235
250,238
253,241
256,244
259,247
262,250
265,253
268,256
271,259
274,262
277,265
280,268
283,271
286,274
289,277
292,280
296,283
298,286
302,289
305,293
308,296
311,299
314,302
317,305
320,308
323,311
326,314
329,317
332,320
335,323
338,326
341,329
345,332
348,336
351,339
354,342
357,345
360,348
363,351
366,354
369,357
372,360
375,363
378,366
381,369
385,372
388,375
391,379
394,382
397,385
400,388
403,391
406,394
409,397
412,400
415,403
418,406
421,409
424,412
427,415
430,418
433,421
436,424
440,428
443,431
446,434
449,437
452,440
455,443
458,446
461,449
464,452
467,455
470,458
473,461
476,464
479,467
482,470
485,473
488,476
491,479
494,482
497,485
500,488
504,492
507,495
510,498
513,501
516,504
519,507
522,510
525,513
528,516
531,519
534,522
537,525
540,528
543,531
546,534
549,537
552,540
555,543
558,546
561,549
564,552
568,555
571,559
574,562
577,565
580,568
583,571
586,574
589,577
592,580
595,583
598,586
601,589
604,592
607,595
610,598
613,601
616,604
619,607
622,610
625,613
628,616
631,619
634,622
637,625
641,628
644,631
647,635
650,638
653,641
656,644
659,647
662,650
665,653
668,656
671,659
674,662
677,665
680,668
683,671
686,674
689,677
692,680
695,683
699,687
702,688
705,688
708,688
711,688
714,688
717,688
720,688
723,688
726,688
729,691
732,694
735,697
738,700
741,703
744,706
747,709
750,709
753,709
756,709
759,709
762,709
765,709
768,709
771,709
774,709
777,709
780,709
783,709
786,709
789,709
792,709
795,709
798,709
801,709
804,709
808,709
811,709
814,709
817,709
820,709
823,709
826,709
829,709
