Player: kiul
Level: 1
Score: 2
Frames: 57
=== REPLAY DATA ===
100,100
100,100
100,100
100,100
100,100
100,100
100,100
100,100
100,100
100,100
101,100
104,100
107,100
110,100
113,101
116,104
119,107
122,110
125,113
128,116
131,119
134,122
137,125
140,128
143,130
146,130
149,130
152,130
155,127
158,124
161,120
164,117
167,114
170,111
173,108
176,108
179,108
182,108
186,108
189,108
192,108
195,108
198,108
201,108
204,108
207,108
210,108
213,108
216,108
219,108
222,108
225,108
228,108
231,108
234,110
237,113
240,116
